1.511920166015625000e+02 5.668506622314453125e+01
1.040027542114257812e+02 9.548664093017578125e+01
2.341495056152343750e+02 7.091827392578125000e+01
1.502226409912109375e+02 7.176889038085937500e+01
7.906581420898437500e+02 8.084012603759765625e+01
2.235640411376953125e+02 8.013536834716796875e+01
2.313036651611328125e+02 8.064682769775390625e+01
2.389102478027343750e+02 8.011822509765625000e+01
2.329161682128906250e+02 8.823567962646484375e+01
1.519509887695312500e+02 8.104106903076171875e+01
7.911649780273437500e+02 8.783224487304687500e+01
1.609288330078125000e+02 7.133045959472656250e+01
1.776846160888671875e+02 6.420927429199218750e+01
7.918599853515625000e+02 9.440064239501953125e+01
1.848126525878906250e+02 6.435002899169921875e+01
7.778385009765625000e+02 8.841938018798828125e+01
2.404514007568359375e+02 9.760019683837890625e+01
1.766012420654296875e+02 7.097376251220703125e+01
7.927737426757812500e+02 1.033916473388671875e+02
1.854250335693359375e+02 7.119798278808593750e+01
8.475968017578125000e+02 1.035644683837890625e+02
2.310251922607421875e+02 1.018479156494140625e+02
2.413232727050781250e+02 1.039261703491210938e+02
1.764581298828125000e+02 7.857751464843750000e+01
1.864400787353515625e+02 8.021130371093750000e+01
1.907425231933593750e+02 8.021740722656250000e+01
7.775065307617187500e+02 1.045359954833984375e+02
1.444743041992187500e+02 9.483796691894531250e+01
1.520291137695312500e+02 9.588994598388671875e+01
7.993640747070312500e+02 1.191875915527343750e+02
1.909072723388671875e+02 8.711396789550781250e+01
8.475505371093750000e+02 1.124399871826171875e+02
1.508392944335937500e+02 1.011554412841796875e+02
2.401125640869140625e+02 1.118277053833007812e+02
1.922612152099609375e+02 9.507158660888671875e+01
1.454673309326171875e+02 1.052369461059570312e+02
1.591927490234375000e+02 1.054256057739257812e+02
1.901408996582031250e+02 1.063460235595703125e+02
2.311319732666015625e+02 9.606498718261718750e+01
8.500888061523437500e+02 1.210017547607421875e+02
1.452640991210937500e+02 1.109364700317382812e+02
1.518095245361328125e+02 1.119966583251953125e+02
1.602173004150390625e+02 1.131271820068359375e+02
1.856787261962890625e+02 1.125582885742187500e+02
1.909213409423828125e+02 1.107983245849609375e+02
8.168389892578125000e+02 1.364367675781250000e+02
1.987917785644531250e+02 1.120396041870117188e+02
8.500579223632812500e+02 1.275699844360351562e+02
7.844990234375000000e+02 1.276953735351562500e+02
1.441970825195312500e+02 1.199629364013671875e+02
1.524525451660156250e+02 1.199386825561523438e+02
1.590539855957031250e+02 1.195312805175781250e+02
7.532698974609375000e+02 1.440391845703125000e+02
2.462893371582031250e+02 1.058760604858398438e+02
9.785549926757812500e+01 1.510246734619140625e+02
2.319360046386718750e+02 1.295365447998046875e+02
8.003374023437500000e+02 1.120041961669921875e+02
7.748983154296875000e+02 1.279644546508789062e+02
1.356062774658203125e+02 1.278071212768554688e+02
1.434712829589843750e+02 1.303402252197265625e+02
2.402656250000000000e+02 1.351141357421875000e+02
1.598101959228515625e+02 1.297162933349609375e+02
2.331230163574218750e+02 1.119134521484375000e+02
2.485856781005859375e+02 1.361182708740234375e+02
8.405322875976562500e+02 1.370884704589843750e+02
9.607756042480468750e+01 1.621495208740234375e+02
1.667026519775390625e+02 1.355160980224609375e+02
1.932481994628906250e+02 1.188457031250000000e+02
1.981753387451171875e+02 1.191775283813476562e+02
9.522822570800781250e+01 1.680869293212890625e+02
1.436176910400390625e+02 1.431630096435546875e+02
1.525890960693359375e+02 1.439783325195312500e+02
1.601929016113281250e+02 1.432742462158203125e+02
2.498455810546875000e+02 1.438404083251953125e+02
1.863082427978515625e+02 1.286268920898437500e+02
1.909449768066406250e+02 1.284878692626953125e+02
2.003027038574218750e+02 1.286498107910156250e+02
8.237830200195312500e+02 1.500970153808593750e+02
8.562925415039062500e+02 1.451051940917968750e+02
1.829651489257812500e+02 1.350688934326171875e+02
1.917644348144531250e+02 1.342806854248046875e+02
2.083757629394531250e+02 1.302326965332031250e+02
7.690705566406250000e+02 1.526282043457031250e+02
8.628210449218750000e+02 1.508344879150390625e+02
1.442554168701171875e+02 1.515437164306640625e+02
1.519977569580078125e+02 1.526510009765625000e+02
1.610216217041015625e+02 1.523858642578125000e+02
8.174282836914062500e+02 1.598636016845703125e+02
2.000793457031250000e+02 1.360261993408203125e+02
8.246838378906250000e+02 1.595538482666015625e+02
2.090391082763671875e+02 1.359190826416015625e+02
8.321986083984375000e+02 1.597097015380859375e+02
2.238144378662109375e+02 1.361638641357421875e+02
8.489858398437500000e+02 1.598468933105468750e+02
7.845952758789062500e+02 1.591052856445312500e+02
8.575063476562500000e+02 1.596584625244140625e+02
1.367585296630859375e+02 1.524772338867187500e+02
2.476426391601562500e+02 1.602385406494140625e+02
1.839358215332031250e+02 1.454295654296875000e+02
1.928766937255859375e+02 1.453662261962890625e+02
2.074923400878906250e+02 1.443169250488281250e+02
2.004743041992187500e+02 1.412740173339843750e+02
7.906971435546875000e+02 1.282543334960937500e+02
7.688189697265625000e+02 1.605908050537109375e+02
7.757334594726562500e+02 1.610210571289062500e+02
8.644118652343750000e+02 1.595090942382812500e+02
1.383278350830078125e+02 1.586328277587890625e+02
1.447711791992187500e+02 1.592987670898437500e+02
1.512349395751953125e+02 1.602472381591796875e+02
1.592220458984375000e+02 1.602214660644531250e+02
1.841289215087890625e+02 1.515278015136718750e+02
8.183828735351562500e+02 1.700153961181640625e+02
8.216599121093750000e+02 1.690539855957031250e+02
2.241327209472656250e+02 1.426928405761718750e+02
8.497654418945312500e+02 1.684106140136718750e+02
8.563463134765625000e+02 1.680973968505859375e+02
1.774701995849609375e+02 1.439902038574218750e+02
7.761968383789062500e+02 1.686519927978515625e+02
7.913831787109375000e+02 1.691946258544921875e+02
1.422044525146484375e+02 1.677107086181640625e+02
1.517547760009765625e+02 1.688284606933593750e+02
1.906092224121093750e+02 1.519530639648437500e+02
1.993898773193359375e+02 1.517078094482421875e+02
7.610007324218750000e+02 1.272184677124023438e+02
8.568642578125000000e+02 1.760733337402343750e+02
2.536155242919921875e+02 1.512949829101562500e+02
7.764429931640625000e+02 1.922499237060546875e+02
1.622710418701171875e+02 1.679972991943359375e+02
8.154989013671875000e+02 1.773876800537109375e+02
8.239022827148437500e+02 1.774265136718750000e+02
7.764766845703125000e+02 1.758540039062500000e+02
7.840645751953125000e+02 1.765527038574218750e+02
7.919768066406250000e+02 1.761854553222656250e+02
1.440400238037109375e+02 1.772431488037109375e+02
1.505889434814453125e+02 1.778645324707031250e+02
1.613048553466796875e+02 1.773859863281250000e+02
1.991903686523437500e+02 1.586363067626953125e+02
2.073684387207031250e+02 1.598745727539062500e+02
8.325230712890625000e+02 1.831445312500000000e+02
4.869390563964843750e+02 2.089765930175781250e+02
6.402929077148437500e+02 2.150832214355468750e+02
7.691911621093750000e+02 1.773645477294921875e+02
1.506217346191406250e+02 1.824789886474609375e+02
1.682385253906250000e+02 1.758687744140625000e+02
1.851059570312500000e+02 1.694165954589843750e+02
1.912043304443359375e+02 1.684434356689453125e+02
2.012970733642578125e+02 1.675646972656250000e+02
8.156174316406250000e+02 1.850698852539062500e+02
8.245111694335937500e+02 1.841871185302734375e+02
7.605079956054687500e+02 2.222512359619140625e+02
7.678771972656250000e+02 2.229700012207031250e+02
7.766310424804687500e+02 1.826164093017578125e+02
8.564268798828125000e+02 1.851456146240234375e+02
8.631116333007812500e+02 1.839921264648437500e+02
1.446102905273437500e+02 1.851589965820312500e+02
1.614197540283203125e+02 1.855614166259765625e+02
1.765084991455078125e+02 1.760384979248046875e+02
7.997739257812500000e+02 1.908034973144531250e+02
8.073961181640625000e+02 1.928935546875000000e+02
8.158004150390625000e+02 1.908890533447265625e+02
8.251690063476562500e+02 1.911560058593750000e+02
8.322218017578125000e+02 1.922464752197265625e+02
7.693458862304687500e+02 1.849599304199218750e+02
8.571527099609375000e+02 1.905131683349609375e+02
1.381076812744140625e+02 1.914134521484375000e+02
1.452368164062500000e+02 1.909522247314453125e+02
1.526734619140625000e+02 1.911403503417968750e+02
7.931626586914062500e+02 2.073627471923828125e+02
8.148543090820312500e+02 1.988902587890625000e+02
1.840437316894531250e+02 1.778635864257812500e+02
1.933664398193359375e+02 1.760333404541015625e+02
1.997763061523437500e+02 1.755942382812500000e+02
2.096632080078125000e+02 1.762515258789062500e+02
7.689766235351562500e+02 1.906016693115234375e+02
8.635802612304687500e+02 1.911190338134765625e+02
1.914807739257812500e+02 1.836725769042968750e+02
8.227966918945312500e+02 2.004609985351562500e+02
8.080369262695312500e+02 2.000091094970703125e+02
2.238081054687500000e+02 1.763519897460937500e+02
8.552137451171875000e+02 1.988624572753906250e+02
8.635952758789062500e+02 2.563687133789062500e+02
2.495436401367187500e+02 1.774316253662109375e+02
1.459980926513671875e+02 2.008029937744140625e+02
1.517814178466796875e+02 2.011683044433593750e+02
1.674956054687500000e+02 1.912162017822265625e+02
1.995914459228515625e+02 1.852133789062500000e+02
8.408991088867187500e+02 2.004573669433593750e+02
7.691083374023437500e+02 2.003427886962890625e+02
7.760360717773437500e+02 2.003420715332031250e+02
7.852673950195312500e+02 2.012659301757812500e+02
2.394640045166015625e+02 1.837406768798828125e+02
2.487010498046875000e+02 1.842953948974609375e+02
8.665539550781250000e+02 2.009787445068359375e+02
1.931895904541015625e+02 1.922369537353515625e+02
2.027202453613281250e+02 1.915366363525390625e+02
2.085030517578125000e+02 1.919768829345703125e+02
8.160579833984375000e+02 2.087059326171875000e+02
2.550506591796875000e+02 1.841212615966796875e+02
8.705344238281250000e+02 2.057487030029296875e+02
8.244119873046875000e+02 2.092578277587890625e+02
7.762723388671875000e+02 2.079012145996093750e+02
7.845167236328125000e+02 2.094493255615234375e+02
2.406337432861328125e+02 1.935410614013671875e+02
2.477300415039062500e+02 1.925030670166015625e+02
8.630203247070312500e+02 2.072616424560546875e+02
1.748081970214843750e+02 2.005549468994140625e+02
1.927382354736328125e+02 1.995825958251953125e+02
1.997331695556640625e+02 1.997015075683593750e+02
8.239421386718750000e+02 2.150590972900390625e+02
2.068773956298828125e+02 1.999571380615234375e+02
1.604597625732421875e+02 2.079695281982421875e+02
1.661227111816406250e+02 2.065351409912109375e+02
8.648585205078125000e+02 2.160483398437500000e+02
1.752689971923828125e+02 2.082462921142578125e+02
1.848861846923828125e+02 2.099915771484375000e+02
1.902112426757812500e+02 2.095040740966796875e+02
2.001427459716796875e+02 2.083594970703125000e+02
8.241503295898437500e+02 2.229083099365234375e+02
2.083540802001953125e+02 2.064351196289062500e+02
7.524276733398437500e+02 2.647390441894531250e+02
8.632018432617187500e+02 2.237432403564453125e+02
1.691611938476562500e+02 2.143725738525390625e+02
1.769713134765625000e+02 2.137826232910156250e+02
1.853367004394531250e+02 2.158697967529296875e+02
8.161437988281250000e+02 2.316346282958984375e+02
1.913095703125000000e+02 2.143507232666015625e+02
1.907641296386718750e+02 1.594864501953125000e+02
8.311831665039062500e+02 2.246620788574218750e+02
2.009642944335937500e+02 2.162051391601562500e+02
2.061391296386718750e+02 2.155771484375000000e+02
6.001041870117187500e+02 1.752932128906250000e+02
1.436532745361328125e+02 2.240903625488281250e+02
1.853275146484375000e+02 2.239257659912109375e+02
1.904375305175781250e+02 2.237647552490234375e+02
2.244790344238281250e+02 2.153794097900390625e+02
8.639615478515625000e+02 2.491587066650390625e+02
2.078357086181640625e+02 2.248029937744140625e+02
3.161465644836425781e+01 3.127135925292968750e+02
4.034878158569335938e+01 3.118468017578125000e+02
2.483150024414062500e+02 2.541821441650390625e+02
1.849907989501953125e+02 2.323244934082031250e+02
1.997518157958984375e+02 2.305697021484375000e+02
1.911714935302734375e+02 2.315411834716796875e+02
2.246423187255859375e+02 2.246175842285156250e+02
1.445584106445312500e+02 3.115700683593750000e+02
3.177523612976074219e+01 3.191446533203125000e+02
5.375569458007812500e+02 2.489087219238281250e+02
1.419769744873046875e+02 2.618916625976562500e+02
1.906865692138671875e+02 2.390544433593750000e+02
8.389676513671875000e+02 2.473601531982421875e+02
1.422547302246093750e+02 2.493150482177734375e+02
4.721320800781250000e+02 2.315793304443359375e+02
1.679457550048828125e+02 2.498707122802734375e+02
1.756446380615234375e+02 2.493094482421875000e+02
1.681634521484375000e+02 2.543670196533203125e+02
4.619366149902343750e+02 2.398063049316406250e+02
2.178663940429687500e+02 2.474437255859375000e+02
2.240226440429687500e+02 2.472526092529296875e+02
2.483043975830078125e+02 2.484693298339843750e+02
1.986378021240234375e+02 2.571471252441406250e+02
8.313754882812500000e+02 2.639771423339843750e+02
8.394053955078125000e+02 2.638660583496093750e+02
8.468996582031250000e+02 2.634484252929687500e+02
8.564382934570312500e+02 2.638081054687500000e+02
8.659047851562500000e+02 2.644554443359375000e+02
1.759989318847656250e+02 3.356430664062500000e+02
6.005180053710937500e+02 2.542234649658203125e+02
8.244381103515625000e+02 2.719368591308593750e+02
2.086009063720703125e+02 2.570957946777343750e+02
2.235394897460937500e+02 2.572048645019531250e+02
2.328855285644531250e+02 2.564161071777343750e+02
2.532523651123046875e+02 2.555463714599609375e+02
2.622250976562500000e+02 2.552272949218750000e+02
2.745394897460937500e+02 2.546617279052734375e+02
2.805825805664062500e+02 2.544896850585937500e+02
6.557783203125000000e+02 2.556125183105468750e+02
8.472115478515625000e+02 2.711017150878906250e+02
8.558389892578125000e+02 2.707887573242187500e+02
8.657280883789062500e+02 2.716257324218750000e+02
1.195678482055664062e+02 2.784425048828125000e+02
1.762310638427734375e+02 3.441366882324218750e+02
4.642528381347656250e+02 2.564112548828125000e+02
8.392158203125000000e+02 3.371810302734375000e+02
7.926483764648437500e+02 3.368656616210937500e+02
1.606061859130859375e+02 2.802846984863281250e+02
1.671696624755859375e+02 2.798020324707031250e+02
8.078448486328125000e+01 3.050491333007812500e+02
8.570871582031250000e+02 2.793721313476562500e+02
8.070242309570312500e+02 3.507826232910156250e+02
8.151567382812500000e+02 3.518046264648437500e+02
1.680610656738281250e+02 2.882058410644531250e+02
2.150917510986328125e+02 3.533851623535156250e+02
8.225745239257812500e+02 3.456560668945312500e+02
2.161743621826171875e+02 3.439143676757812500e+02
1.998844451904296875e+02 3.599422607421875000e+02
8.077064819335937500e+02 3.048089904785156250e+02
8.237693481445312500e+02 3.503289184570312500e+02
7.760564575195312500e+02 2.891565856933593750e+02
8.652730712890625000e+02 3.530275268554687500e+02
1.741864318847656250e+02 3.667143859863281250e+02
2.157333374023437500e+02 3.596135253906250000e+02
1.944468841552734375e+02 3.536524963378906250e+02
7.771258544921875000e+02 2.948490905761718750e+02
8.641418457031250000e+02 2.954775390625000000e+02
1.590862884521484375e+02 2.949424133300781250e+02
7.444501953125000000e+02 3.108360290527343750e+02
7.499658813476562500e+02 3.048093261718750000e+02
1.919595947265625000e+02 3.605448608398437500e+02
8.245740966796875000e+02 3.605078735351562500e+02
2.064568786621093750e+02 3.599071960449218750e+02
7.680976562500000000e+02 2.949247436523437500e+02
8.483302001953125000e+02 2.954818115234375000e+02
1.676266174316406250e+02 3.763104248046875000e+02
1.744282989501953125e+02 3.745473022460937500e+02
8.956254882812500000e+02 3.040085754394531250e+02
1.667273254394531250e+02 3.037020874023437500e+02
1.983977661132812500e+02 3.761401672363281250e+02
1.929276275634765625e+02 3.697107849121093750e+02
2.078430480957031250e+02 3.678140563964843750e+02
8.468076782226562500e+02 3.698885803222656250e+02
8.481954345703125000e+02 3.037401123046875000e+02
8.573919067382812500e+02 3.039772033691406250e+02
8.628907470703125000e+02 3.042341308593750000e+02
7.127888183593750000e+02 3.196123352050781250e+02
9.041730346679687500e+02 3.047559814453125000e+02
1.760489044189453125e+02 3.054708862304687500e+02
1.827332305908203125e+02 3.025979309082031250e+02
9.025447998046875000e+02 3.107328491210937500e+02
1.680430450439453125e+02 3.110128784179687500e+02
1.760334472656250000e+02 3.857223815917968750e+02
1.767433319091796875e+02 3.103483581542968750e+02
8.234782104492187500e+02 3.751054077148437500e+02
8.394081420898437500e+02 3.754638061523437500e+02
2.077752685546875000e+02 3.750710449218750000e+02
8.554762573242187500e+02 3.110627136230468750e+02
8.633587036132812500e+02 3.108359069824218750e+02
1.768788909912109375e+02 3.912937622070312500e+02
2.078721008300781250e+02 3.113573913574218750e+02
2.145316619873046875e+02 3.105942993164062500e+02
2.235324401855468750e+02 3.055434875488281250e+02
1.612699737548828125e+02 3.996394958496093750e+02
1.695109558105468750e+02 3.198586425781250000e+02
8.076513061523437500e+02 3.929431152343750000e+02
2.082621917724609375e+02 3.915357971191406250e+02
2.159885864257812500e+02 3.905765686035156250e+02
8.230447998046875000e+02 3.839805908203125000e+02
8.402064819335937500e+02 3.831520690917968750e+02
2.253438262939453125e+02 3.841767883300781250e+02
8.483953247070312500e+02 3.834940185546875000e+02
8.565527954101562500e+02 3.827826843261718750e+02
1.763184814453125000e+02 4.006380004882812500e+02
2.614551391601562500e+02 4.791565551757812500e+02
8.392727050781250000e+02 3.193173217773437500e+02
2.247914123535156250e+02 3.131691894531250000e+02
1.678592529296875000e+02 3.279757995605468750e+02
1.755755462646484375e+02 3.277472534179687500e+02
8.068763427734375000e+02 3.997085571289062500e+02
8.401264648437500000e+02 3.922847290039062500e+02
8.470516357421875000e+02 3.915209960937500000e+02
1.675435028076171875e+02 4.103096618652343750e+02
1.765552520751953125e+02 4.071854553222656250e+02
1.929453735351562500e+02 4.001824645996093750e+02
1.990282745361328125e+02 3.992777404785156250e+02
2.057250366210937500e+02 3.983317260742187500e+02
2.233647155761718750e+02 3.204222412109375000e+02
2.313118286132812500e+02 3.198847351074218750e+02
2.413195648193359375e+02 3.200853576660156250e+02
1.610446472167968750e+02 3.361484375000000000e+02
1.683495941162109375e+02 3.348886718750000000e+02
8.069082641601562500e+02 4.069646301269531250e+02
8.385214843750000000e+02 3.993090515136718750e+02
8.474044189453125000e+02 3.991866455078125000e+02
8.489825439453125000e+02 3.288717651367187500e+02
8.550299072265625000e+02 3.289385070800781250e+02
8.640659790039062500e+02 3.285566711425781250e+02
2.067903900146484375e+02 3.361906127929687500e+02
6.564714355468750000e+02 4.715429687500000000e+02
2.007006835937500000e+02 4.062558593750000000e+02
2.233053741455078125e+02 3.279394531250000000e+02
2.313164672851562500e+02 3.276984863281250000e+02
8.637908935546875000e+02 4.007739868164062500e+02
1.206124420166015625e+02 4.073161621093750000e+02
8.089253540039062500e+02 3.377916564941406250e+02
8.319016113281250000e+02 3.362902526855468750e+02
8.496859741210937500e+02 3.357196960449218750e+02
8.543506469726562500e+02 3.358145446777343750e+02
1.598246154785156250e+02 4.252561340332031250e+02
1.674803466796875000e+02 4.243055725097656250e+02
8.400816040039062500e+02 4.081377258300781250e+02
2.239288787841796875e+02 3.359697570800781250e+02
2.329720153808593750e+02 3.355650939941406250e+02
8.564686889648437500e+02 4.083737182617187500e+02
8.639559936523437500e+02 4.078231811523437500e+02
8.232059936523437500e+02 4.173135070800781250e+02
2.236994934082031250e+02 4.238096008300781250e+02
8.011765136718750000e+02 3.464013061523437500e+02
9.593456420898437500e+02 3.671299133300781250e+02
1.439245147705078125e+02 4.324492492675781250e+02
1.690091400146484375e+02 4.323962097167968750e+02
8.781968994140625000e+02 3.821419677734375000e+02
1.513448028564453125e+02 4.384701538085937500e+02
2.161459503173828125e+02 4.318722229003906250e+02
2.232306518554687500e+02 4.323641967773437500e+02
1.683114471435546875e+02 4.401960144042968750e+02
1.838876342773437500e+02 4.402998046875000000e+02
2.321062469482421875e+02 4.246020507812500000e+02
8.802366333007812500e+02 3.912430114746093750e+02
1.597093658447265625e+02 4.474762878417968750e+02
8.555281372070312500e+02 4.152783813476562500e+02
7.141266479492187500e+02 4.810719909667968750e+02
1.577212982177734375e+02 4.401431579589843750e+02
1.983426513671875000e+02 3.672305297851562500e+02
9.051458129882812500e+02 4.023400878906250000e+02
